176.93459680838177,331.6145194067614,176.21826171875,313.82843622146856,331.50666939195736,307.6592814653316,332.22300448158916,325.4453259582257,1
895.7158430232558,522.5960210755813,777.6922843992248,513.2184926114342,780.3464147286821,480.2675427971576,898.3700490552326,489.6450325689061,1
315.809203155281,514.0046834625323,315.3318419937016,497.41044223729546,588.3120230741279,489.6641466139104,588.7894031613372,506.2583878391473,1
328.53451458102626,529.0349042287027,327.79623477297895,515.4505557606333,533.5499182412791,510.3605172669035,534.0698052931201,525.8509030469423,1
309.33923957179775,540.3551946187605,310.8157991878922,529.0349042287027,625.3229974160207,526.7708461506911,626.0612772240679,537.3364505147451,1
887.1495730377907,558.3978268330103,777.6013656734495,551.1443562930664,779.1476653343024,528.1073276674203,888.6958726986434,535.3607982073644,1
311.5789652979651,567.6818357692722,311.5789652979651,552.0000386923988,605.263179808624,552.0000386923988,605.263179808624,567.6818357692722,1
791.5790031492248,584.4091014615633,791.5790031492248,560.3636715385444,866.3157854893411,560.3636715385444,866.3157854893411,584.4091014615633,1
374.5736434108527,278.61498708010333,448.9922480620155,301.43669250645996,1
466.3565891472868,273.5434969853575,502.3255813953488,297.63307493540054,1
525.8914728682171,267.2041343669251,580.4651162790698,297.63307493540054,1
614.3410852713179,266.12115991960957,656.9767441860465,287.2523686477175,1
603.5437430786268,290.36544850498336,683.0011074197123,305.55350477831104,1
706.0723514211886,260.1780074648292,768.0878552971576,278.6678151019237,1
750.6459948320414,281.9695664656905,802.9715762273902,300.459374102785,1
804.9095607235142,255.55555555555554,837.8552971576228,276.0264140109102,1
817.8294573643411,281.30921619293713,838.5012919896642,298.47832328452483,1
868.8630490956073,255.55555555555554,925.7105943152455,275.36606373815675,1
910.2067183462533,281.30921619293713,952.1963824289406,298.47832328452483,1
892.1188630490957,420.64312374389897,965.1162790697674,440.4536319265002,1
626.3565891472869,494.4702842377261,650.1291989664084,557.8639104220499,1
640.826873385013,569.4860752225094,677.0025839793282,590.6172839506173,1
398.96640826873386,570.5426356589147,446.51162790697674,592.7304048234281,1
448.5788113695091,568.4295147861039,500.2583979328166,589.5607235142119,1
183.97932816537468,572.6557565317255,242.89405684754522,601.1828883146712,1
220.15503875968992,439.5291415446454,329.7157622739019,465.9431524547804,1
606.71834625323,175.38903244329603,633.59173126615,264.1401091013494,1
482.687338501292,133.1266149870801,603.6175710594315,167.99310938845824,1
415.5038759689923,72.90267011197245,661.4987080103361,110.93884582256679,1
217.05426356589146,106.71260407694517,373.12661498708013,139.46597760551248,1
740.0516795865634,85.5813953488372,839.2764857881137,116.22164800459375,1
706.9767441860465,84.52483491243181,739.0180878552972,117.27820844099914,1
858.1058308055274,99.91386735572782,923.4917425008425,119.20757967269596,1
858.1058308055274,118.51851851851852,931.5807212672734,137.1231696813092,1
824.401752612066,138.50129198966408,922.143579373104,161.24031007751938,1
740.1415571284125,133.67786391042205,810.9201213346814,157.7950043066322,1
579.0360633636669,294.91817398794143,591.8436130771823,309.38845822566753,1
274.3511964947759,196.38242894056847,444.89383215369054,188.11369509043928,446.9160768452983,209.4745908699397,277.721604314122,219.81050818260118,1
291.87731715537575,217.7433247200689,510.95382541287495,203.2730404823428,512.3019885406134,227.39018087855294,293.2254802831142,239.79328165374676,1
227.16548702392987,171.57622739018086,430.0640377485675,163.30749354005167,432.08628244017524,184.6683893195521,227.8395685877991,195.0043066322136,1
145.60161779575327,113.00602928509905,215.70610043815302,108.87166236003445,227.16548702392987,198.4496124031008,151.66835187057634,201.89491817398792,1
175.93528816986853,200.51679586563307,264.2399730367374,197.0714900947459,266.2622177283451,218.4323858742463,177.283451297607,223.25581395348837,1
179.30569598921468,223.25581395348837,266.2622177283451,218.4323858742463,267.61038085608357,240.4823428079242,178.63161442534548,245.30577088716623,1
179.30569598921468,246.6838931955211,268.2844624199528,240.4823428079242,270.9807886754297,261.1541774332472,182.0020222446916,265.2885443583118,1
180.65385911695313,267.3557278208441,274.3511964947759,262.53229974160206,275.0252780586451,283.204134366925,183.35018537243005,288.7166236003445,1
719.9191102123357,424.4616709732989,809.5719582069429,445.82256675279933,1
742.8378833838894,451.3350559862187,797.4384900572969,474.7631352282515,1
806.2015503875969,450.6459948320413,905.2915402763733,472.6959517657192,1
217.05426356589146,469.9052540913006,334.8837209302325,466.73557278208443,335.6589147286822,490.5081826012059,219.3798449612403,494.4702842377261,1
414.72868217054264,460.39621016365203,478.29457364341084,457.22652885443586,479.06976744186045,481.79155900086135,417.82945736434107,485.7536606373816,1
173.64341085271317,291.61068044788976,338.7596899224806,283.68647717484924,339.5348837209302,303.49698535745046,176.74418604651163,311.421188630491,1
153.48837209302326,213.16106804478898,174.41860465116278,211.5762273901809,178.29457364341084,282.1016365202412,160.46511627906978,283.68647717484924,1
950.1661129568106,251.31044665928385,972.314507198228,250.17841762027805,995.5703211517164,469.79205118740003,970.0996677740864,475.4521963824289,1
241.41749723145068,569.4106066199089,277.96234772978954,593.1832164390304,1
213.6715997181113,498.5044240858194,303.87596899224803,496.1992013154803,304.43974630021137,515.2172891707775,215.3629316420014,516.9462062485318,1
188.3016208597604,504.26748101166703,209.72515856236782,504.26748101166703,204.0873854827343,567.0848015034061,182.10007047216348,566.5084958108213,1
214.2353770260747,516.3699005559471,304.43974630021137,513.4883720930231,303.87596899224803,531.3538485631509,213.6715997181113,533.6590713334899,1
214.2353770260747,533.6590713334899,301.62085976039464,531.3538485631509,301.62085976039464,548.0667136481089,210.2889358703312,550.3719364184481,1
208.59760394644113,549.7956307258632,297.1106412966878,548.0667136481089,297.6744186046511,567.6611071959909,206.3424947145877,567.0848015034061,1
576.1440360090022,566.4527242921841,635.1587896974244,590.9921924925676,1
308.6009597637505,540.3551946187605,324.84311554079,553.1848570608261,1
638.2428940568476,180.93597473442435,767.8110003691398,175.08715803289448,768.5492801771871,192.44493663098314,640.3962101636521,198.10508182601205,1
767.8725236864773,176.09340606756626,911.2833763996555,178.73480715857977,909.9913867355727,197.66484831084313,769.1645133505599,192.38204612881617,1
639.1042204995694,199.8660158866877,768.303186907838,193.7027466743229,768.733850129199,209.55115322040385,642.1188630490957,215.71442243276869,1
768.733850129199,194.14298018949182,910.8527131782946,197.66484831084313,912.1447028423773,212.19255431141735,768.733850129199,209.55115322040385,1
641.6881998277347,216.1546559479376,769.1645133505599,209.55115322040385,770.4565030146425,226.7202603119916,642.9801894918174,233.76399655469422,1
769.1645133505599,209.99138673557277,913.8673557278208,212.19255431141735,914.2980189491818,228.48119437266726,770.0258397932816,226.7202603119916,1
642.1188630490957,234.64446358503207,771.3178294573644,226.7202603119916,771.7484926787253,244.3296009187482,644.702842377261,252.2538041917887,1
771.3178294573644,227.1604938271605,915.1593453919036,228.9214278878362,915.5900086132644,244.3296009187482,771.3178294573644,244.3296009187482,1
131.0077519379845,224.25495262704564,151.1627906976744,221.08527131782947,182.1705426356589,497.6399655469423,160.46511627906978,496.8475452196382,1
160.46511627906978,497.6399655469423,182.1705426356589,497.6399655469423,181.3953488372093,557.071490094746,159.68992248062014,557.071490094746,1
